Pair	Ecotype	Population.ID	VH	WW	MSA	MSD	SBA	AREA	ELONG	DISS	CIRC
D00-H00	Dune	D00	1.116371016	1.75323792	-1.069819936	1.521524622	0.817727683	0.771432316	0.21161614	-0.407134176	0.615288699
D00-H00	Dune	D00	1.457501703	1.643186242	1.075955086	1.65420952	0.817727683	1.00147355	0.692135392	-0.133693679	0.258882853
D00-H00	Dune	D00	0.766809802	2.150554686	-1.069819936	0.850089034	0.916947912	1.704571181	0.491777464	-0.009012568	0.628293052
D00-H00	Dune	D00	0.960506836	1.844363566	-1.069819936	1.350601534	0.817727683	1.042518289	0.410380881	-0.377536186	0.292427618
D00-H00	Dune	D00	0.409460684	1.729678526	-1.069819936	2.113706599	0.326025387	1.245735801	-0.662885766	-0.640883088	-0.406704822
D00-H00	Dune	D00	0.19534687	1.421525557	0.636492963	1.579779276	0.326025387	0.187451217	0.096382226	-0.455853817	-0.712331517
D00-H00	Dune	D00	-0.17436222	1.24556656	-1.069819936	-0.381352266	-1.361107807	-0.022543869	-0.283877873	-0.619544726	-0.734450366
D00-H00	Dune	D00	1.151038386	1.28701853	-1.069819936	-0.021970562	1.038783841	1.603754158	0.89636122	-0.119786185	0.147668631
D00-H00	Dune	D00	0.627278218	1.689678315	-1.069819936	0.397901799	0.541848705	1.703411951	-0.577495663	-0.659331812	0.131938194
D00-H00	Dune	D00	0.980276486	0.796416786	-1.069819936	0.517295731	0.916947912	1.777338249	0.603220924	-0.279700866	0.361818057
D00-H00	Dune	D00	0.419769181	-0.080278121	-1.069819936	0.155451226	0.916947912	-0.024594914	-0.65479647	-0.645810775	-0.609827075
D00-H00	Dune	D00	0.863845114	1.114830441	-1.069819936	1.343891249	0.916947912	1.543667901	-0.425685881	-0.551054219	-0.001706815
D00-H00	Dune	D00	0.71124036	1.005767702	-1.069819936	0.217164633	0.960604622	1.80668509	0.334813304	-0.416068524	0.508777642
D00-H00	Dune	D00	0.409460684	1.806981766	-1.069819936	0.228206265	0.696781674	1.796431034	-0.460927728	-0.586751003	-0.164879383
D00-H00	Dune	D00	0.470066206	1.148461576	0.854769809	-0.600896129	0.541848705	0.923977888	-0.263528224	-0.523571213	0.059916486
D00-H00	Dune	D00	0.356594544	1.103471739	0.636492963	1.712036218	-1.361107807	1.830007977	0.277004307	-0.439748824	0.785452198
D00-H00	Dune	D00	-0.048465516	1.099668709	1.01146409	-0.227971708	0.541848705	1.280543313	-0.554003437	-0.603812119	-0.043638112
D00-H00	Dune	D00	1.46637436	0.185987348	1.458306533	-0.72342216	1.038783841	1.527606323	-0.386744541	-0.563456249	0.569240287
D00-H00	Dune	D00	0.157891767	-0.913029297	-1.069819936	1.194575689	0.444378252	0.71555612	-0.974472067	-0.746495354	-0.55232509
D00-H00	Dune	D00	1.483931781	1.076671524	1.075955086	-1.157036682	0.760547762	2.613111197	0.76350486	-0.065222304	1.246690452
D00-H00	Dune	D00	0.774549184	1.645956274	-1.069819936	1.340528614	0.696781674	1.207729157	-0.710078911	-0.649212321	-0.647110932
D00-H00	Dune	D00	0.926841718	2.443568422	-1.069819936	2.400538825	0.696781674	1.86638753	-1.105826067	-0.725542967	-0.236858439
D00-H00	Dune	D00	0.537226713	0.472195184	0.636492963	0.79934512	0.817727683	0.907210742	-0.340810068	-0.617300141	-0.912754108
D00-H00	Dune	D00	0.71124036	1.549168093	-1.069819936	-0.748745892	0.696781674	1.856961987	0.169771147	-0.329254814	0.589077929
D00-H00	Dune	D00	0.782240644	1.979410747	-1.069819936	0.30934107	0.916947912	0.899402146	-0.520727722	-0.613057155	0.043629664
D00-H00	Dune	D00	0.782240644	1.259495616	-1.069819936	-0.221241422	0.696781674	1.213757238	0.133106128	-0.471919942	0.723753827
D00-H00	Dune	D00	0.079413033	0.76893067	-1.069819936	1.66589394	-1.361107807	-0.053637428	0.288991786	-0.391322936	0.386911191
D00-H00	Dune	D00	0.356594544	-0.050220078	1.13378504	0.6490503	0.817727683	0.317302767	1.36248123	0.287857538	-0.668665038
D00-H00	Dune	D00	0.119272072	1.269868592	-1.069819936	-0.255095267	0.541848705	0.92986196	-0.388695024	-0.298869657	-0.657865047
D00-H00	Dune	D00	-0.19103585	1.492599921	-1.069819936	-0.296401464	0.760547762	1.301710516	-0.445321895	-0.366078608	0.217270979
D01-H01	Dune	D01	1.714032332	0.410701112	1.393063958	-1.14688831	0.817727683	2.147336734	-0.621811615	0.431074443	-0.773629371
D01-H01	Dune	D01	1.222987976	1.841896662	0.854769809	1.121612664	0.760547762	0.847800277	-0.493863935	-0.560764241	-0.668665038
D01-H01	Dune	D01	1.20675027	0.224489295	0.938575375	-0.221241422	0.960604622	1.666383747	-0.223971346	0.144929658	-0.250585263
D01-H01	Dune	D01	0.980276486	0.166406969	-1.069819936	-0.345566903	0.444378252	1.174838102	-0.923702992	0.241684317	-1.277463239
D01-H01	Dune	D01	0.919997807	0.455641774	1.13378504	0.080273683	1.001071767	0.875705114	0.213031006	-0.346509302	0.477996258
D01-H01	Dune	D01	0.323760029	0.376204688	1.186202035	0.24466813	0.960604622	0.886024301	-0.25281833	-0.119743951	-0.064867014
D01-H01	Dune	D01	0.878123051	-0.975793257	1.393063958	-1.438300449	0.80140841	1.045570988	-1.249423699	-0.450265157	-1.136913447
D01-H01	Dune	D01	0.694895825	-0.00609924	0.636492963	-1.336926406	0.62471226	-0.065746687	-1.193673387	-0.718303376	-0.387260641
D01-H01	Dune	D01	0.993283587	0.673988679	0.854769809	0.24466813	0.760547762	0.536168934	0.422684297	-0.175688455	0.539189394
D01-H01	Dune	D01	0.527851824	0.27451517	-1.069819936	0.680821807	0.960604622	0.825940587	0.550077693	0.845400517	-0.296886232
D01-H01	Dune	D01	0.312619445	-0.876445747	1.13378504	-1.593264244	0.960604622	-0.831811403	-0.723652968	-0.451800471	0.043629664
D01-H01	Dune	D01	0.182986899	-0.414002047	0.274088581	-0.05294511	0.817727683	1.113964898	0.496961399	0.683085726	-0.573084158
D01-H01	Dune	D01	-0.559626374	-1.001557119	1.458306533	-1.556547839	0.760547762	0.682308331	0.932053229	0.458653369	-0.16044789
D01-H01	Dune	D01	0.55576686	-0.087875759	1.01146409	-0.800261643	0.916947912	0.689631677	-0.900459888	-0.704147057	0.329185773
D01-H01	Dune	D01	0.913115979	1.057268548	-1.069819936	-0.109793098	0.62471226	1.306176324	-0.262861304	-0.392681835	-0.853853954
D01-H01	Dune	D01	0.60094154	-0.264161122	1.01146409	-0.454670692	0.869555488	0.385122173	-0.133394775	-0.502559553	-1.169677076
D01-H01	Dune	D01	0.231705567	-0.247364277	1.075955086	0.032734893	0.817727683	0.952395091	0.638699573	1.154625606	-0.431221889
D01-H01	Dune	D01	0.812538897	-1.393623264	1.31921342	-1.520418922	0.80140841	1.728405995	0.230443495	0.490230251	0.194282083
D01-H01	Dune	D01	0.527851824	0.845690534	-1.069819936	0.764871028	0.62471226	1.97588679	0.118415471	1.502557944	-0.801990174
D01-H01	Dune	D01	0.856644127	0.198917708	-1.069819936	-0.331410059	1.038783841	1.706452834	-1.610869876	-0.836585094	-0.573084158
D01-H01	Dune	D01	0.399065922	1.405676558	-1.069819936	0.287988579	0.760547762	1.038987453	-0.093580533	-0.413395763	0.325533876
D01-H01	Dune	D01	0.19534687	0.230822997	-1.069819936	-0.296401464	0.696781674	0.421147874	-0.82268298	0.066897394	-0.615119862
D01-H01	Dune	D01	0.132279173	0.198917708	-1.069819936	0.340995923	0.326025387	1.178673862	-0.114693147	0.508987513	0.329185773
D01-H01	Dune	D01	0.46016841	-0.197939758	-1.069819936	0.356658477	0.960604622	0.981524697	1.452770587	5.309649216	-2.133053747
D01-H01	Dune	D01	0.508887077	0.015542284	1.393063958	0.517295731	0.960604622	0.333983651	-0.853753251	1.045310026	-1.46303189
D01-H01	Dune	D01	0.906195811	0.578643359	-1.069819936	0.319942072	0.869555488	2.664302781	0.583225337	2.210439582	-1.277463239
D01-H01	Dune	D01	0.766809802	0.997705266	-1.069819936	0.463355923	0.444378252	2.042753638	0.50867533	1.144306642	-0.339293426
D01-H01	Dune	D01	0.727372623	0.192464727	-1.069819936	0.565238278	0.326025387	1.429187495	-0.328725014	-0.034143624	-0.060606979
D01-H01	Dune	D01	0.323760029	-0.451248394	-1.069819936	0.026721549	0.444378252	2.077702871	-0.026770679	0.078600815	0.213453962
D01-H01	Dune	D01	1.627814216	-0.095507239	-1.069819936	-0.553688644	1.074092192	1.397644967	-0.103168493	1.036001736	-0.734450366
D02-H04	Dune	D02	0.518405644	-1.29841741	1.458306533	0.115282278	1.001071767	0.261847838	-0.792271517	-0.564947438	-0.706831845
D02-H04	Dune	D02	0.906195811	0.092634674	1.458306533	0.944271698	0.869555488	1.540241985	1.06494027	0.211694416	-0.557498922
D02-H04	Dune	D02	2.078603371	1.771340506	1.234133227	-0.268780213	0.760547762	1.789098232	-1.36434597	-0.730931216	-0.701344107
D02-H04	Dune	D02	1.104596835	0.678862834	0.75619129	0.721024813	0.817727683	0.954402464	-0.998100569	-0.630558687	-1.072630999
D02-H04	Dune	D02	1.031507119	1.412033762	0.854769809	1.885074743	0.541848705	1.059340502	-0.524344777	-0.56969605	-0.030985665
D02-H04	Dune	D02	1.662267892	1.455885705	0.274088581	1.046213033	0.760547762	1.560669864	0.032853899	-0.460966054	0.303511192
D02-H04	Dune	D02	2.182177237	1.474341156	0.75619129	1.212453923	0.960604622	2.560934568	0.693427605	0.256297806	0.836739333
D02-H04	Dune	D02	1.074663656	1.504665214	-1.069819936	1.240767888	1.001071767	0.996376794	-0.48330372	-0.617517676	0.26637574
D02-H04	Dune	D02	0.980276486	1.758429634	0.915858695	0.952278831	0.869555488	1.549845436	-0.70521143	-0.453417503	0.014873225
D02-H04	Dune	D02	1.774120392	1.252545244	-1.069819936	0.408095989	0.696781674	2.212096826	0.449127492	0.103493004	0.791540167
D02-H04	Dune	D02	1.596365276	1.13732439	1.01146409	1.158388871	0.916947912	0.833083399	-0.58434788	-0.606991541	0.023122724
D02-H04	Dune	D02	-0.094194611	-0.963055173	1.31921342	-0.439815315	0.817727683	1.041577624	-0.696778209	-0.558784865	-0.372774847
D02-H04	Dune	D02	0.766809802	-0.110872943	1.075955086	0.875039665	1.001071767	-0.401539572	-1.2764589	-0.76445108	-0.120909646
D02-H04	Dune	D02	0.661547062	0.542134058	-1.069819936	0.616825362	1.038783841	1.178248198	-0.310301417	0.199830178	-0.883132814
D02-H04	Dune	D02	0.727372623	-0.508681633	1.31921342	0.448418652	0.960604622	1.152245753	-0.473405917	-0.502487929	0.047711196
D02-H04	Dune	D02	0.55576686	0.836836434	0.854769809	1.44893387	0.760547762	0.85994446	0.502475227	-0.149583475	1.105664324
D02-H04	Dune	D02	0.842115695	0.286796689	-1.069819936	0.676310299	0.817727683	0.924490553	-0.893384107	-0.493074825	-0.631064885
D02-H04	Dune	D02	1.32613158	0.092634674	-1.069819936	0.764871028	1.001071767	2.234789374	-0.135802746	-0.388670678	0.457265506
D02-H04	Dune	D02	1.873546786	1.249059455	-1.069819936	1.942506973	0.760547762	2.63565213	0.307256006	0.011284523	0.839724119
D02-H04	Dune	D02	1.739127464	1.42782433	0.636492963	2.082428402	0.760547762	0.454803829	-1.47659369	-0.780855042	-1.196196607
D02-H04	Dune	D02	0.678333355	0.669100617	-1.069819936	1.026963052	0.62471226	1.257838768	0.335023513	0.248466756	-0.475959725
D02-H04	Dune	D02	0.735360862	-0.715349284	1.31921342	-0.155019399	0.869555488	0.388919457	-0.598590192	-0.628005858	0.198128094
D02-H04	Dune	D02	1.475184091	0.499433667	-1.069819936	1.748844706	0.817727683	1.800352846	-0.976627351	-0.361423646	-0.196118804
D02-H04	Dune	D02	1.627814216	-0.255742115	1.357354214	-0.425057033	0.960604622	2.678725681	0.778513328	0.109226326	-0.334546302
D02-H04	Dune	D02	1.889370781	2.093964659	-1.069819936	1.327027771	0.960604622	2.528660967	-0.388920006	-0.024715464	0.139815631
D02-H04	Dune	D02	0.609782622	0.897875213	0.274088581	1.306623936	0.541848705	1.520995956	0.127614901	-0.228765736	-0.064867014
D02-H04	Dune	D02	1.791253999	0.745683847	1.234133227	1.310037404	1.074092192	2.120356221	-0.293639989	0.240497309	0.035446801
D02-H04	Dune	D02	1.965601249	1.854195814	0.915858695	0.952278831	0.817727683	1.078479343	0.40670868	-0.099219918	-0.706831845
D02-H04	Dune	D02	1.854288	0.051014866	1.458306533	-0.296401464	1.074092192	1.995695621	-0.848180419	-0.383584254	-0.236858439
D02-H04	Dune	D02	1.331070619	0.805481699	0.854769809	0.93623607	0.869555488	1.52991242	-0.398461096	-0.224955383	-0.306248882
D03-H02	Dune	D03	0.993283587	0.919158276	0.75619129	-0.129064985	0.326025387	1.477744432	-0.483140805	-0.338160388	-0.348814468
D03-H02	Dune	D03	1.321172824	1.563749155	0.274088581	1.091754257	0.696781674	2.014067025	0.635896944	0.415704977	0.273846513
D03-H02	Dune	D03	-0.19103585	0.832392166	-1.069819936	-0.040504257	0.541848705	1.770592272	0.954629956	0.590689025	0.866430089
D03-H02	Dune	D03	1.483931781	1.31410628	-1.069819936	1.237247998	0.916947912	1.34704297	-0.642926285	-0.388705111	-0.674082345
D03-H02	Dune	D03	1.222987976	1.719102785	0.938575375	0.924128753	0.62471226	2.060507409	-0.181508486	-0.333013614	0.383341637
D03-H02	Dune	D03	0.024196529	1.534461869	-1.069819936	1.072890245	0.817727683	0.693885581	0.110617607	-0.442942371	-0.196118804
D03-H02	Dune	D03	1.133825638	1.095857218	0.636492963	1.79883957	0.696781674	1.307145224	0.098910354	-0.226550945	-0.657865047
D03-H02	Dune	D03	1.239016157	0.698221961	0.274088581	1.367290517	0.760547762	0.600350755	1.066083891	-0.011728332	-0.164879383
D03-H02	Dune	D03	1.050186671	0.311098721	-1.069819936	1.162033761	0.760547762	0.597423862	-0.139887554	-0.455259013	0.542546052
D03-H02	Dune	D03	0.644530812	1.03764331	-1.069819936	0.541394243	1.074092192	0.681696279	-0.429131593	-0.490838143	-0.339293426
D03-H02	Dune	D03	0.805033335	0.043978862	0.854769809	1.320246958	0.817727683	1.135876659	0.824096675	1.42363111	0.221082263
D03-H02	Dune	D03	0.182986899	0.346917402	1.393063958	1.187384571	0.760547762	0.891548689	-0.612830068	-0.399539448	-0.353588437
D03-H02	Dune	D03	1.116371016	1.396096303	0.851687897	0.940257459	1.038783841	0.58499631	0.09787578	-0.320932812	-1.123925776
D03-H02	Dune	D03	2.023386867	1.56954701	0.274088581	0.161131755	1.074092192	0.576758241	-0.955830861	-0.685169197	-0.094889629
D03-H02	Dune	D03	1.26527859	-0.247364277	1.186202035	-1.315003815	0.817727683	0.871448963	-0.662698046	-0.612594832	0.116109442
D03-H02	Dune	D03	1.369891491	0.450088238	0.636492963	0.502712198	0.817727683	1.182498889	-0.545144883	-0.094833297	-0.112206579
D03-H02	Dune	D03	1.669796199	0.827936339	0.854769809	2.281725669	1.074092192	0.954402464	0.198032244	-0.297978983	0.821762393
D03-H02	Dune	D03	1.662267892	1.249059455	0.938575375	2.082428402	1.107284965	2.09359546	0.363234772	0.249555151	0.582482639
D03-H02	Dune	D03	0.913115979	0.90215303	-1.069819936	1.023093284	0.869555488	0.331217601	-0.39296886	-0.523674989	-0.214144447
D03-H02	Dune	D03	1.290997247	1.24556656	1.186202035	0.66726015	0.869555488	0.995160474	-0.206508596	-0.099091661	0.429357872
D03-H02	Dune	D03	-0.078763769	-0.900747778	0.75619129	-1.177471294	0.444378252	0.503434663	-0.910476099	-0.594531753	-0.103533303
D03-H02	Dune	D03	1.475184091	1.24556656	-1.069819936	0.824859619	0.817727683	1.098256996	-0.494827286	0.643397893	-0.734450366
D03-H02	Dune	D03	0.980276486	-0.423237996	1.393063958	0.217164633	0.760547762	1.984411461	0.055818965	0.414908999	0.124036179
D03-H02	Dune	D03	1.074663656	-1.313922172	1.426634074	-0.826467073	0.760547762	0.824838373	-0.431582928	0.222263804	0.068020794
D03-H02	Dune	D03	1.666037749	1.280179141	-1.069819936	0.443417522	0.869555488	2.774379751	-0.066568058	0.568702245	-0.014213471
D03-H02	Dune	D03	0.409460684	0.827936339	-1.069819936	1.383857056	0.62471226	0.28454607	-0.962141578	-0.613506452	-0.056354085
D03-H02	Dune	D03	1.560006579	1.620863261	1.458306533	2.462804052	1.107284965	1.140917385	-0.37659513	-0.324060989	-0.455978603
D03-H02	Dune	D03	1.080708276	-1.29841741	1.31921342	-0.757250645	1.001071767	1.509433871	-1.097884756	-0.586951377	-0.458467643
D03-H02	Dune	D03	1.162382454	-0.840627065	1.393063958	1.17655477	1.107284965	0.627370407	-0.893915467	-0.691526241	0.006596779
D03-H02	Dune	D03	1.34577099	0.935996392	0.636492963	1.268731207	0.817727683	1.414223861	-0.119595738	-0.239114342	0.383341637
D04-H05	Dune	D04	0.926841718	0.850100484	0.938575375	1.337160963	-0.032305411	0.745095324	-1.166538018	-0.732687657	-0.341670337
D04-H05	Dune	D04	1.917355697	1.266417907	0.636492963	1.499677784	1.074092192	1.322842234	-0.828142629	-0.280941119	-0.580912889
D04-H05	Dune	D04	0.71124036	0.614390861	0.484086792	-0.296401464	0.696781674	-0.131003579	-1.169907759	-0.712906976	-0.441095547
D04-H05	Dune	D04	1.950724822	1.781599605	0.274088581	2.358053863	0.916947912	1.243606721	-0.072903802	-0.303916471	0.039541531
D04-H05	Dune	D04	0.926841718	0.832392166	0.938575375	1.272202398	0.696781674	0.603595525	-0.830462903	-0.374012744	-0.518950344
D04-H05	Dune	D04	1.374659892	0.693402649	1.01146409	0.602872635	0.817727683	0.920512361	-0.159260927	0.415204139	-0.652482282
D04-H05	Dune	D04	1.068589479	1.42782433	0.938575375	-0.040504257	0.541848705	0.055621361	0.159266025	-0.369469639	-0.120909646
D04-H05	Dune	D04	1.068589479	1.595397259	1.01146409	1.55849149	0.541848705	0.857120452	-0.353307715	-0.29243937	0.226788445
D04-H05	Dune	D04	1.393552527	1.001741227	-1.069819936	0.968208415	0.960604622	0.910968967	-1.015641658	-0.594284272	-0.273629946
D04-H05	Dune	D04	1.416771274	-0.568107169	1.393063958	-0.065454888	0.869555488	1.340725725	-0.797215434	1.279625658	-1.671307499
D04-H05	Dune	D04	0.635934468	1.586823774	0.636492963	0.43338191	0.541848705	0.567472277	-1.041413349	-0.569171789	-1.034830406
D04-H05	Dune	D04	0.653068075	0.782728848	0.75619129	-0.03430944	0.696781674	1.69300745	0.335807674	1.05577935	-1.019245177
D04-H05	Dune	D04	1.514072488	1.892970074	1.075955086	-0.021970562	0.444378252	1.429984515	0.37688534	-0.175627321	0.550918264
D04-H05	Dune	D04	1.162382454	1.220914847	0.274088581	0.584133862	0.62471226	2.128612653	-0.35400101	0.489525994	-0.318001069
D04-H05	Dune	D04	0.973721501	0.494020504	1.13378504	1.564594222	0.960604622	0.511951956	-0.621235239	-0.495712853	0.201968261
D04-H05	Dune	D04	1.393552527	1.434100032	0.854769809	0.850089034	0.869555488	0.388540202	-0.561744185	-0.429223552	0.100181126
D04-H05	Dune	D04	0.805033335	0.759669758	0.864803769	1.162033761	0.62471226	0.323681414	-1.342835495	-0.669707602	-0.513854587
D04-H05	Dune	D04	1.483931781	1.79433769	-1.069819936	0.60753313	0.760547762	0.565307556	-1.49611364	-0.687892436	-1.000668619
D04-H05	Dune	D04	1.539337769	1.252545244	1.01146409	0.639890007	1.001071767	1.318622733	0.368341233	-0.166140977	0.589077929
D04-H05	Dune	D04	0.644530812	0.717364781	0.636492963	0.161131755	0.541848705	0.119666041	-0.408873436	-0.348793263	-0.767995131
D04-H05	Dune	D04	1.547646608	2.370803633	-1.069819936	2.683034556	0.541848705	0.716600844	-0.096889358	0.021733091	-0.131830727
D04-H05	Dune	D04	0.926841718	0.510208951	1.075955086	0.166798029	0.696781674	0.572454743	-0.741316965	-0.229291369	-1.239892065
D04-H05	Dune	D04	1.479565636	1.563749155	1.31921342	2.66999859	0.760547762	1.363964427	-0.811175272	-0.560862288	-0.416483189
D04-H05	Dune	D04	1.402892171	1.213805855	0.938575375	0.99973436	1.074092192	1.824247629	0.362628259	1.774012349	-0.534299438
D04-H05	Dune	D04	1.321172824	1.474341156	0.636492963	2.398433456	0.696781674	0.641628493	-0.653470496	-0.503183113	-0.915735388
D04-H05	Dune	D04	1.043991313	1.001741227	1.13378504	0.944271698	0.760547762	0.846037166	0.075946334	-0.05820548	0.621799227
D04-H05	Dune	D04	1.453041494	2.191300115	0.864803769	1.162033761	0.817727683	0.999412866	-0.732830465	1.063464698	-1.73645818
D04-H05	Dune	D04	1.639405281	2.313658799	0.864803769	1.162033761	0.817727683	1.520333158	-1.161218163	-0.610099438	-0.336918759
D04-H05	Dune	D04	1.535162414	1.954164598	-1.069819936	2.058069923	0.326025387	1.969816156	-0.942897573	-0.493887201	-0.663259294
D04-H05	Dune	D04	1.425938598	0.956813957	1.186202035	0.807882026	1.038783841	1.489067875	-0.81278883	-0.416564922	-0.243712551
D05-H06	Dune	D05	0.440133027	0.542134058	-1.069819936	0.662721437	0.326025387	0.64571996	-0.734225103	-0.310410098	-1.0161396
D05-H06	Dune	D05	0.953846408	1.492599921	-1.069819936	0.689817872	-0.032305411	0.808476629	-0.918435314	0.119534276	-0.942725975
D05-H06	Dune	D05	0.231705567	1.080525889	0.636492963	1.003644334	-0.368197774	0.404003982	-1.697793934	-0.850867494	-1.828868149
D05-H06	Dune	D05	0.863845114	0.889287403	-0.06562228	0.387661377	1.107284965	0.289040838	-1.841016662	-0.877387581	-2.071105766
D05-H06	Dune	D05	0.60094154	0.198917708	-0.06562228	0.546183235	-0.032305411	-0.78716629	-1.115619642	-0.398985213	-0.353588437
D05-H06	Dune	D05	0.157891767	-0.23073051	-1.069819936	-0.009698743	-0.032305411	-0.449003189	0.064164855	-0.465869539	-0.813424027
D05-H06	Dune	D05	0.106127327	-0.23073051	0.274088581	-0.214531138	0.916947912	-0.491659418	-0.673802999	-0.672064979	-0.801990174
D05-H06	Dune	D05	-0.063522268	-0.239027207	-0.06562228	-0.241492761	0.444378252	-0.871274549	-0.885750585	-0.444802289	-0.74001039
D05-H06	Dune	D05	0.46016841	0.404999727	-1.069819936	0.403004647	0.696781674	-0.515700378	-0.230517949	-0.395157662	-0.784935613
D05-H06	Dune	D05	0.518405644	-0.568107169	-1.069819936	-0.681837022	1.074092192	-0.13572655	-1.099315765	0.057872368	-1.418985688
D05-H06	Dune	D05	0.678333355	-0.013374259	1.234133227	1.223113309	0.696781674	-0.564327327	-2.209433207	-0.846812771	-1.46303189
D05-H06	Dune	D05	0.678333355	0.311098721	-0.06562228	1.099255956	0.444378252	0.799519866	-0.618729115	-0.575500546	-0.615119862
D05-H06	Dune	D05	0.797482146	1.118600001	1.01146409	1.968137318	-1.361107807	0.050773762	-0.972392376	-0.689291358	-0.701344107
D05-H06	Dune	D05	-0.125643552	-0.73745623	-1.069819936	-0.417713907	0.817727683	-0.230796869	1.31689403	1.244642609	-1.256900804
D05-H06	Dune	D05	0.106127327	-0.558058668	-1.069819936	0.729862433	0.326025387	-0.13572655	-0.501287151	-0.479594365	-0.706831845
D05-H06	Dune	D05	0.267030226	0.043978862	0.636492963	0.438405291	-0.368197774	-0.646726571	0.194238743	-0.064601262	-0.647110932
D05-H06	Dune	D05	-0.333152589	-1.014585809	-0.06562228	-0.135525674	-0.368197774	0.211839627	0.562926103	1.445295738	-1.538188516
D05-H06	Dune	D05	1.244313251	0.065000776	1.426634074	1.158388871	-0.368197774	-1.002233055	-0.95631872	-0.581928796	-1.333126865
D05-H06	Dune	D05	0.182986899	-0.341853933	0.636492963	0.014646605	-0.032305411	-0.727530508	-0.884318991	-0.657712819	-1.305142138
D05-H06	Dune	D05	0.644530812	1.357230413	0.274088581	0.630692401	-0.032305411	0.308483245	-0.456148958	-0.139506315	-1.066291596
D05-H06	Dune	D05	0.399065922	0.499433667	-0.06562228	0.080273683	-0.032305411	1.888721847	-1.162009803	0.003460252	-2.00604477
D05-H06	Dune	D05	0.450191113	0.673988679	0.274088581	0.858436582	0.916947912	-0.079031741	-1.438012894	-0.826153213	-0.451007865
D05-H06	Dune	D05	0.399065922	0.358692462	0.854769809	1.717738264	0.326025387	-0.141862955	-0.014389716	-0.472702482	-0.455978603
D05-H06	Dune	D05	0.973721501	0.88065633	0.938575375	1.261772776	0.326025387	0.595795098	-0.621030942	-0.016487718	-0.853853954
D05-H06	Dune	D05	0.735360862	0.854499111	1.186202035	1.471274778	0.62471226	-0.055735696	1.261348045	0.597721927	-1.390041464
D05-H06	Dune	D05	0.960506836	0.619437299	0.75619129	0.448418652	1.138601412	-0.685282979	-0.675420636	-0.478477341	-0.728902521
D05-H06	Dune	D05	1.483931781	0.051014866	1.186202035	-0.310339836	0.817727683	0.827317107	-0.318409103	0.513163049	-0.912754108
D05-H06	Dune	D05	1.184764443	0.960947287	-0.06562228	0.423301495	0.817727683	1.719122527	0.573232731	1.04543713	-1.143432364
D05-H06	Dune	D05	1.296077691	0.707820107	0.938575375	-0.078034358	0.817727683	1.189483761	-0.904627576	-0.64654228	-0.18715386
D05-H06	Dune	D05	0.827415324	-0.78254474	0.938575375	0.6490503	-0.368197774	-0.611590914	-1.258691653	-0.675608135	-1.326101645
D12-H14	Dune	D12	1.898769314	0.126561813	1.31921342	0.14975637	0.916947912	0.684672363	-1.228592	-0.542934136	-1.517675429
D12-H14	Dune	D12	2.396166828	2.133981261	1.186202035	1.015333795	1.001071767	0.745971714	-1.353297877	-0.832320179	-1.098148516
D12-H14	Dune	D12	1.350632705	0.6294858	1.01146409	0.074385781	0.817727683	0.994186639	-1.58593129	-0.597155212	-1.880731928
D12-H14	Dune	D12	1.340890171	-0.377548235	-1.069819936	0.115282278	1.001071767	1.018566052	-1.107712658	-0.519907443	-0.767995131
D12-H14	Dune	D12	1.316194192	-0.671973182	1.13378504	-0.214531138	0.760547762	0.746847541	-1.386928452	-0.483095634	-1.880731928
D12-H14	Dune	D12	1.222987976	0.483142598	1.075955086	0.074385781	0.696781674	-0.189653831	-2.765216597	-0.987275355	-1.568887001
D12-H14	Dune	D12	1.195805998	0.910676751	1.002229804	0.403004647	0.760547762	1.371839261	-0.839242682	0.254731327	-1.263736429
D12-H14	Dune	D12	0.470066206	-0.333045356	-1.069819936	0.458387804	1.001071767	0.308483245	0.724091509	1.208757381	-2.938361627
D12-H14	Dune	D12	1.986133399	-0.298257064	1.278286236	-0.395826733	0.916947912	0.921154789	-1.636300616	-0.548502628	-1.390041464
D12-H14	Dune	D12	-0.048465516	0.433318794	-1.069819936	-1.370214613	0.696781674	0.186132334	-0.606596585	-0.495263675	-2.318142869
D12-H14	Dune	D12	0.919997807	0.249684815	-1.069819936	0.483119805	0.696781674	0.684753809	-1.442319824	-0.746190037	-1.418985688
D12-H14	Dune	D12	1.139589763	0.329101666	1.075955086	0.653616549	1.107284965	0.964644243	-0.709422417	-0.69197757	-1.492827434
D12-H14	Dune	D12	0.834787256	-1.040944245	1.234133227	0.121064635	0.696781674	-0.243987528	-1.216387219	-0.720938959	-1.07898631
D12-H14	Dune	D12	0.980276486	1.437229283	1.01146409	1.59185422	0.696781674	0.332008473	0.095262157	-0.368479861	-1.130411286
D12-H14	Dune	D12	1.421363393	0.634488035	-1.069819936	0.671789759	0.541848705	0.385882474	-2.357174949	-0.90856538	-2.402570423
D12-H14	Dune	D12	0.986797061	-0.864422788	0.636492963	0.502712198	0.696781674	0.01933531	-1.039387456	-0.762385569	-1.553491246
D12-H14	Dune	D12	1.018896181	0.166406969	0.636492963	0.097845827	0.696781674	0.750636325	-1.472328408	-0.501817376	-2.071105766
D12-H14	Dune	D12	1.448565212	-0.888553673	1.426634074	-1.46145972	0.960604622	0.561469246	-2.214546139	-0.78556007	-0.557498922
D12-H14	Dune	D12	1.086723623	0.944353797	-1.069819936	0.30934107	0.541848705	-0.010809709	-1.259173476	-0.840835523	-1.671307499
D12-H14	Dune	D12	0.913115979	-0.40481562	0.636492963	1.061495725	0.696781674	1.292734895	-1.65375305	-0.514567362	-1.492827434
D12-H14	Dune	D12	1.331070619	0.230822997	1.234133227	0.45340873	1.001071767	0.706868983	-2.212695486	-0.923416302	-2.33898735
D12-H14	Dune	D12	1.749729237	1.203086751	1.13378504	2.323480799	0.960604622	-0.021519499	-1.083989568	-0.376740978	-1.960575088
D12-H14	Dune	D12	1.275630039	0.393539721	0.854769809	0.092003627	0.869555488	0.648231713	-1.923822608	-0.888520262	-1.18954065
D12-H14	Dune	D12	1.190297489	0.578643359	1.13378504	-0.310339836	0.817727683	0.769711349	-1.036655867	-0.726995415	-1.663280265
D12-H14	Dune	D12	1.098667627	0.166406969	0.636492963	-0.492242426	0.760547762	-0.109813294	-0.756569505	-0.621222016	-2.662261579
D12-H14	Dune	D12	1.104596835	-0.38658923	1.393063958	1.299781478	1.001071767	0.25684501	-1.83823539	-0.834019419	-1.11100435
D12-H14	Dune	D12	0.940417447	0.536854348	1.075955086	-1.208474195	1.038783841	1.767552603	-0.697252256	0.576847023	-1.222996794
D12-H14	Dune	D12	1.145327264	0.422047276	1.075955086	0.621457177	1.074092192	0.279625772	-2.502350455	-1.00588736	-1.568887001
D12-H14	Dune	D12	0.926841718	0.722117251	0.854769809	0.097845827	1.001071767	0.103174718	-1.571133639	-0.86018995	-1.312109378
D12-H14	Dune	D12	1.986133399	0.477677635	1.393063958	0.026721549	0.817727683	1.766584017	-1.209949335	-0.58047694	-1.277463239
D12-H14	Dune	D12	1.043991313	0.698221961	1.357354214	1.034682749	1.001071767	0.292300503	-1.292518902	-0.607645718	-0.948763142
D32-H12	Dune	D32	-0.242443191	-0.7263671	1.01146409	-0.003587753	0.760547762	0.123124813	0.469769876	-0.213577046	1.105664324
D32-H12	Dune	D32	-0.8653647	-1.925000697	1.075955086	-0.93444027	0.817727683	0.57840983	0.582718706	0.003234177	0.243830255
D32-H12	Dune	D32	0.906195811	0.698221961	1.234133227	1.757254433	0.817727683	0.357853814	-1.020592753	-0.689379123	-0.674082345
D32-H12	Dune	D32	0.19534687	0.27451517	1.234133227	1.333788283	-1.361107807	-0.444809869	-0.280351854	-0.527007937	0.167195275
D32-H12	Dune	D32	-0.410813301	0.029819571	-1.069819936	1.993479999	-1.361107807	-0.316995148	-1.148361148	-0.416360317	-0.84223653
D32-H12	Dune	D32	-0.728725241	-0.451248394	1.098638936	0.483119805	1.001071767	0.166194871	0.70084754	-0.008515754	0.112136739
D32-H12	Dune	D32	-0.078763769	-1.237764545	1.13378504	-0.142004901	0.760547762	-0.257915217	0.543746546	-0.016961395	0.288722291
D32-H12	Dune	D32	0.618561223	-0.828852005	-1.069819936	-0.109793098	1.001071767	0.724485095	-0.37130565	-0.386427709	-0.178220552
D32-H12	Dune	D32	0.686642194	-0.40481562	-1.069819936	-0.879808352	1.038783841	0.864504331	-1.193594117	-0.743995954	-0.23229932
D32-H12	Dune	D32	0.759021897	0.022695799	1.075955086	-0.925242664	0.817727683	0.215718926	-0.677420187	-0.645248814	-0.979166787
D32-H12	Dune	D32	-0.390938208	-0.087875759	1.458306533	1.452138993	-1.361107807	0.17996067	-0.561533997	-0.512170248	-0.15602415
D32-H12	Dune	D32	0.038232462	-1.410018265	0.854769809	-0.879808352	0.760547762	0.148677356	-0.183956737	-0.284364759	0.429357872
D32-H12	Dune	D32	0.367349302	0.172958658	0.636492963	0.189321998	0.696781674	-0.304973131	-1.86726588	-0.864804826	-0.865524914
D32-H12	Dune	D32	-0.333152589	-0.748617601	1.458306533	0.132585115	0.817727683	1.010166878	0.568712578	0.120737772	-0.273629946
D32-H12	Dune	D32	0.231705567	0.179485388	1.13378504	-0.835270238	0.869555488	1.123082112	-0.269317188	-0.123425143	-0.214144447
D32-H12	Dune	D32	0.849401151	-1.081258211	1.31921342	-0.943675494	0.760547762	-0.652400547	-0.624642808	-0.224603646	-1.599962141
D32-H12	Dune	D32	-0.45154373	-1.081258211	-1.069819936	0.239194166	-1.361107807	-0.767586223	-0.329174169	-0.480138814	-0.116554374
D32-H12	Dune	D32	-0.094194611	-1.283051706	1.393063958	0.24466813	0.916947912	-0.668742897	-0.903304858	-0.720354961	-0.948763142
D32-H12	Dune	D32	0.653068075	0.029819571	1.13378504	0.155451226	1.074092192	-0.425409345	-0.79003669	-0.642935867	-0.236858439
D32-H12	Dune	D32	-0.45154373	-0.298257064	1.357354214	1.347248884	0.817727683	-0.299942688	0.050627935	-0.27833109	0.340109986
D32-H12	Dune	D32	-0.19103585	0.510208951	1.31921342	1.674617747	-1.361107807	0.872248001	-0.674311064	-0.417465957	-0.516401176
D32-H12	Dune	D32	0.345745856	-0.042787248	0.854769809	-0.999894393	0.760547762	0.285364401	-0.755437701	-0.518301522	-1.312109378
D32-H12	Dune	D32	0.323760029	-1.817212672	1.357354214	1.729099341	1.001071767	-0.178122584	0.078440361	-0.452670745	0.354602695
D32-H12	Dune	D32	-0.125643552	-1.511826303	1.186202035	0.293345661	0.817727683	0.13322035	-0.932531924	-0.624884027	-0.567878421
D32-H12	Dune	D32	0.518405644	-0.00609924	1.458306533	0.403004647	0.869555488	1.103325675	-0.5814392	-0.505108672	-1.0161396
D32-H12	Dune	D32	-0.260062874	-1.179185693	1.01146409	2.193519805	0.817727683	0.361727495	-0.392872214	-0.564208962	-0.026782195
D32-H12	Dune	D32	0.953846408	0.427692304	0.636492963	-0.40309891	1.001071767	0.564140515	-1.442522857	-0.466959414	-0.801990174
D32-H12	Dune	D32	0.489628292	0.90215303	-1.069819936	-0.980998809	0.326025387	0.684142849	-1.111826359	-0.681240556	-1.136913447
D32-H12	Dune	D32	0.849401151	-0.028017635	1.234133227	0.630692401	0.916947912	0.286590979	-0.724841038	-0.622679024	-0.824909716
D32-H12	Dune	D32	0.678333355	-0.460687892	1.278286236	-0.553688644	1.074092192	0.628007267	-0.611629315	-0.282649671	-0.985291554
D00-H00	Headland	H00	-1.121067287	0.76893067	-0.06562228	0.217164633	-1.361107807	-1.258834222	-0.655001847	-0.651602677	0.794578668
D00-H00	Headland	H00	-1.194157003	1.084371603	0.295089291	0.032734893	-1.361107807	-0.722391324	0.663972521	-0.250793221	1.029326366
D00-H00	Headland	H00	-0.033589089	0.98960471	-1.069819936	0.178088098	-1.361107807	-1.144748538	0.404010466	-0.271908367	-0.287558081
D00-H00	Headland	H00	-0.109819557	-0.805541924	-0.06562228	0.056629392	-0.032305411	-0.378079451	-0.71427564	-0.619955259	-0.54716179
D00-H00	Headland	H00	-0.836807884	-0.181776765	-1.069819936	0.038732264	-1.361107807	-0.946722312	0.117190996	-0.412429951	0.084152008
D00-H00	Headland	H00	-0.207936339	-0.619253191	1.13378504	0.807882026	0.696781674	-0.667099842	0.676830565	-0.27829834	-0.227748379
D00-H00	Headland	H00	0.052111565	0.410701112	-1.069819936	-1.707137573	-0.032305411	-0.563565966	-0.528116848	-0.593328154	-0.310943212
D00-H00	Headland	H00	0.024196529	1.249059455	0.854769809	-0.657248658	0.326025387	0.05996955	-0.522360079	-0.597378723	0.457265506
D00-H00	Headland	H00	0.119272072	0.224489295	0.854769809	-1.315003815	-0.032305411	-0.526769436	-0.044884446	-0.230100173	-0.116554374
D00-H00	Headland	H00	-0.653419348	-0.042787248	-1.069819936	-1.157036682	-1.361107807	-0.567377012	-0.996736773	-0.73058918	0.08012883
D00-H00	Headland	H00	-1.271817715	0.399279306	0.295089291	0.032734893	-1.361107807	-0.411718482	0.102022691	-0.350635107	0.9334261
D00-H00	Headland	H00	-0.260062874	0.745683847	0.274088581	-0.168109344	-0.032305411	0.419294789	0.154231777	-0.168297021	0.240053076
D00-H00	Headland	H00	-0.19103585	0.444516641	-1.069819936	-0.852980205	-0.032305411	-0.53345415	0.038339228	-0.5270331	1.12439463
D00-H00	Headland	H00	-0.808892849	0.604253171	-1.069819936	1.030826199	0.696781674	-1.192137033	1.958517592	0.756719688	-0.446046864
D00-H00	Headland	H00	-0.157909439	0.488590184	-1.069819936	-0.03430944	-0.032305411	-0.776451504	-0.353986917	-0.575557184	-0.103533303
D00-H00	Headland	H00	-0.352117336	0.673988679	0.295089291	0.032734893	-1.361107807	-0.652400547	-0.241588878	-0.549512495	-0.455978603
D00-H00	Headland	H00	-0.703112647	0.387780844	-1.069819936	-1.473129044	0.326025387	-0.659730437	0.636374107	-0.262912365	-0.005868838
D00-H00	Headland	H00	-0.260062874	0.985540023	0.295089291	0.032734893	-1.361107807	-0.637857632	0.306447789	-0.444088859	0.634770278
D00-H00	Headland	H00	0.219703862	0.805481699	-1.069819936	-0.161554886	0.916947912	-0.814326546	-0.34028783	-0.553510223	0.397589742
D00-H00	Headland	H00	-0.17436222	0.960947287	-1.069819936	1.154738087	0.326025387	-0.938686895	-0.178252941	-0.424696076	-0.090578836
D00-H00	Headland	H00	-0.559626374	0.563091684	-1.069819936	1.58582482	-1.361107807	-0.693628679	-0.551335328	-0.533721478	-0.446046864
D00-H00	Headland	H00	-0.836807884	0.399279306	0.295089291	0.032734893	-1.361107807	-0.854222089	0.623083953	-0.276430623	0.990276803
D00-H00	Headland	H00	-1.121067287	1.337461757	-1.069819936	1.570680503	-1.361107807	-1.18612285	0.968403636	0.050630637	-0.52150208
D00-H00	Headland	H00	-0.537244384	0.573475137	0.295089291	0.032734893	-1.361107807	-0.257306706	1.271512116	0.20377519	0.436363659
D00-H00	Headland	H00	-3.311738482	1.213805855	-1.069819936	-1.157036682	-1.361107807	-0.72410224	1.376897621	0.087279365	0.281295324
D00-H00	Headland	H00	-0.493655112	0.230822997	-1.069819936	-2.584082107	-1.361107807	-1.133153715	0.176663041	-0.334057712	-0.214144447
D00-H00	Headland	H00	0.106127327	0.726856575	-1.069819936	0.790775815	0.696781674	-0.840172415	-0.527714754	-0.502147418	-0.214144447
D00-H00	Headland	H00	-0.894593503	0.410701112	0.636492963	-0.161554886	-1.361107807	-1.559137809	-0.589652502	-0.453454826	-0.382422822
D00-H00	Headland	H00	-0.19103585	0.673988679	1.393063958	-0.248283771	0.817727683	-1.63033607	0.239333144	-0.144853975	-0.086275368
D00-H00	Headland	H00	-0.19103585	0.787303655	0.636492963	-0.366969993	0.760547762	-1.368148826	0.031691828	-0.382819003	-0.480979727
D01-H01	Headland	H01	0.518405644	0.94851726	0.274088581	0.899717606	-0.032305411	-1.222611347	1.230388731	1.198762751	0.525718128
D01-H01	Headland	H01	0.644530812	0.588933267	1.393063958	0.43338191	0.869555488	-0.442021453	2.539846801	1.554766631	-0.178220552
D01-H01	Headland	H01	0.60094154	1.560842854	0.75619129	1.985907015	-1.361107807	0.406626744	0.564075421	1.05135695	0.539189394
D01-H01	Headland	H01	0.106127327	-0.51844385	0.274088581	0.325223967	0.916947912	-0.512763705	0.231928722	0.125437691	0.598938783
D01-H01	Headland	H01	-0.078763769	0.346917402	0.578036064	0.222692198	0.869555488	-0.318266797	0.124167135	-0.125235619	0.329185773
D01-H01	Headland	H01	-0.678017514	-1.817212672	-1.069819936	-1.618077781	-1.361107807	-0.424034071	0.378250983	0.27586655	0.562593065
D01-H01	Headland	H01	-0.808892849	0.977381605	0.274088581	1.114184996	-1.361107807	-0.431615253	0.714459282	2.058582847	-0.236858439
D01-H01	Headland	H01	0.219703862	0.311098721	-1.069819936	-0.261927372	-0.032305411	-0.392778746	0.637422293	-0.006542915	0.892857383
D01-H01	Headland	H01	0.106127327	1.259495616	0.578036064	0.222692198	0.444378252	-0.249420607	0.067085864	-0.283928932	0.084152008
D01-H01	Headland	H01	0.231705567	1.501656847	0.578036064	0.222692198	0.541848705	-0.0525895	0.491865235	0.053126476	0.827763803
D01-H01	Headland	H01	-0.894593503	-0.359608129	-1.069819936	0.483119805	-1.361107807	-0.448303409	2.067793994	3.086591939	-0.112206579
D01-H01	Headland	H01	-0.894593503	-1.313922172	-1.069819936	-1.484858988	-1.361107807	-1.210339981	0.337731408	-0.302488645	1.048627654
D01-H01	Headland	H01	-0.894593503	-0.020680303	-1.069819936	0.032734893	-0.032305411	-0.718975905	0.507369603	0.552665322	0.723753827
D01-H01	Headland	H01	-0.225069946	0.166406969	1.278286236	-0.632925165	-1.361107807	-0.425409345	0.200076708	0.406736094	0.270113881
D01-H01	Headland	H01	1.270465097	0.717364781	-1.069819936	0.96025767	0.817727683	0.437713569	-0.194803589	0.163205413	-0.358371438
D01-H01	Headland	H01	0.079413033	0.644448904	0.854769809	0.984026407	-1.361107807	-0.253054693	0.540034635	-0.17126847	0.682828508
D01-H01	Headland	H01	-0.033589089	1.866407302	0.578036064	0.222692198	-1.361107807	0.485532731	1.886055597	5.64991061	-1.863325741
D01-H01	Headland	H01	0.518405644	0.483142598	0.484086792	-0.021970562	-0.032305411	0.52282536	0.396228868	0.628331054	0.236270267
D01-H01	Headland	H01	-0.45154373	0.863262632	0.274088581	-0.616853857	-1.361107807	-0.158739974	0.411845415	-0.009088325	0.770167943
D01-H01	Headland	H01	-0.277936086	0.029819571	-1.069819936	-1.116714019	0.326025387	-0.763175052	1.064534933	1.385063178	0.209631184
D01-H01	Headland	H01	0.669968564	1.210240267	-1.069819936	-0.142004901	0.541848705	0.839643802	2.127937761	3.935217562	-0.081979188
D01-H01	Headland	H01	0.926841718	0.92759802	1.01146409	-0.879808352	0.960604622	-0.663000824	0.434492949	0.181495723	0.670101888
D01-H01	Headland	H01	0.255366602	0.11982992	0.274088581	-0.515089257	-1.361107807	-0.430924313	0.110080622	-0.162711785	0.84270539
D01-H01	Headland	H01	-0.537244384	-0.333045356	0.274088581	-1.018949436	-1.361107807	0.409244486	1.011328712	2.863407246	-1.470447971
D01-H01	Headland	H01	0.409460684	0.688569741	1.234133227	0.255576408	0.444378252	-0.477292273	1.069631088	0.319427516	-0.129642738
D01-H01	Headland	H01	-1.354659526	0.329101666	0.578036064	0.222692198	-1.361107807	-1.217689575	0.83937968	0.015301979	1.092200222
D01-H01	Headland	H01	-0.333152589	0.609329514	-1.069819936	-0.592959358	-1.361107807	-0.505449501	0.963280227	0.330122024	0.947758859
D01-H01	Headland	H01	-1.697812298	-0.247364277	0.578036064	0.222692198	-0.032305411	-0.334263014	1.364038399	0.374382061	0.791540167
D01-H01	Headland	H01	0.255366602	0.230822997	0.938575375	0.356658477	0.817727683	-0.912893276	1.47552328	0.112708087	1.009876851
D01-H01	Headland	H01	-0.033589089	0.619437299	0.636492963	1.717738264	-0.032305411	-0.310654594	1.270628298	3.379098624	-0.52150208
D03-H02	Headland	H02	-0.986647966	-2.63083105	-1.069819936	-1.827060044	0.541848705	-1.043774099	0.808393601	0.072333448	1.520881653
D03-H02	Headland	H02	-1.589729654	-2.845268621	0.274088581	-1.198092525	0.326025387	-1.422697062	1.362299859	0.06265461	1.094898773
D03-H02	Headland	H02	-2.093384949	-2.088292246	-1.069819936	-1.605636928	-1.361107807	-1.252520023	0.67604834	0.244911394	1.348754685
D03-H02	Headland	H02	-1.398248798	-1.755651636	-1.069819936	-1.786374094	-0.032305411	0.13322035	1.139818423	0.400242352	1.552596111
D03-H02	Headland	H02	-0.894593503	-1.601546514	-1.069819936	-1.746408287	-1.361107807	-1.335631427	0.703999348	0.078185371	1.009876851
D03-H02	Headland	H02	-2.173552558	-1.715806479	-1.069819936	-1.827060044	-1.361107807	-0.913876392	1.730162669	0.742388338	1.368198873
D03-H02	Headland	H02	-0.43101158	0.393539721	-1.069819936	0.155451226	-1.361107807	0.052714865	0.874839817	0.22574007	1.306933357
D03-H02	Headland	H02	-0.678017514	-1.081258211	-1.069819936	0.032734893	-1.361107807	-0.539423685	1.045149251	0.257453923	1.509458126
D03-H02	Headland	H02	-1.816203439	-0.771160881	-1.069819936	-1.733242015	-1.361107807	-0.829960324	0.814168176	-0.084346008	1.358495436
D03-H02	Headland	H02	-0.537244384	-0.165764831	-1.069819936	-0.530449922	-1.361107807	0.042981671	-0.206579993	-0.395836848	0.605491423
D03-H02	Headland	H02	-1.271817715	0.126561813	-0.454098962	-0.879808352	-1.361107807	-0.481586584	0.752535888	0.121059092	1.684188968
D03-H02	Headland	H02	-2.093384949	-1.001557119	-1.069819936	-1.415376302	-1.361107807	-0.907009387	1.308539853	0.207769245	1.863617313
D03-H02	Headland	H02	-1.755597917	-1.443286583	-1.069819936	-0.492242426	-1.361107807	-0.603729931	0.488972733	-0.183273307	1.06505534
D03-H02	Headland	H02	-1.642595794	-0.759852163	-1.069819936	-1.086937643	-1.361107807	-1.343688549	1.089766349	0.123931281	1.673480313
D03-H02	Headland	H02	-1.121067287	0.578643359	-0.454098962	-0.879808352	-0.032305411	-0.615538423	-0.257964539	-0.303914001	0.076099238
D03-H02	Headland	H02	-1.312548144	-0.715349284	-1.069819936	0.903804501	-1.361107807	-0.944709024	0.041963546	-0.300890219	1.119057233
D03-H02	Headland	H02	-1.755597917	-0.608901108	-1.069819936	-0.425057033	-1.361107807	-0.094605908	0.864618244	-0.100693762	1.326700037
D03-H02	Headland	H02	-0.955199025	-1.122543691	0.274088581	-2.246969694	0.541848705	-0.813412454	-0.736174964	-0.636826539	0.429357872
D03-H02	Headland	H02	-1.232380536	-0.568107169	-1.069819936	-1.772973407	-1.361107807	-1.151752932	1.753897866	0.509890408	1.251765792
D03-H02	Headland	H02	-0.678017514	-0.498974726	-1.069819936	-0.135525674	-1.361107807	-0.289936999	0.417634129	-0.245062256	0.354602695
D03-H02	Headland	H02	-1.539021928	-1.108671028	-1.069819936	-0.791593651	-0.032305411	-1.394451816	-0.022337503	-0.169956879	1.012664512
D03-H02	Headland	H02	-0.754877087	-0.157814633	-1.069819936	0.103672951	-1.361107807	-1.369520647	0.261841559	-0.395224843	0.839724119
D03-H02	Headland	H02	-1.490303261	-0.771160881	-1.069819936	-0.999894393	-1.361107807	-1.226314342	0.309291271	-0.215836817	0.255128085
D03-H02	Headland	H02	-0.629298847	0.21175121	0.274088581	-1.136785344	0.326025387	-0.116382892	-0.010131983	-0.31513567	0.723753827
D03-H02	Headland	H02	-1.539021928	-0.693523963	0.274088581	-2.118821315	-1.361107807	-0.551441531	0.333516696	0.001639472	0.863476631
D03-H02	Headland	H02	-2.018079057	-2.296215495	-1.069819936	-1.136785344	-1.361107807	-0.906031198	0.56448576	-0.304336402	0.860519715
D03-H02	Headland	H02	-1.589729654	-1.067714548	-0.454098962	-0.879808352	-1.361107807	-0.806121659	0.274011304	-0.092801444	1.348754685
D03-H02	Headland	H02	-1.121067287	-0.650690119	-0.454098962	-0.879808352	-1.361107807	0.232828301	-0.277533425	-0.464775771	0.71436805
D03-H02	Headland	H02	-0.781591381	-1.067714548	0.274088581	-0.86188755	-0.032305411	-0.725815298	0.456497865	-0.320512071	1.22628678
D03-H02	Headland	H02	-1.194157003	-0.7263671	-0.454098962	-0.879808352	0.817727683	-0.878922241	-0.098826024	-0.446394827	0.579178531
D02-H04	Headland	H04	-0.45154373	-0.197939758	0.274088581	-1.720152071	0.326025387	0.225582965	1.602237416	2.630494178	-1.028584804
D02-H04	Headland	H04	-0.493655112	0.286796689	-1.069819936	-1.746408287	-1.361107807	0.870649457	2.230400992	3.453140599	-0.924700328
D02-H04	Headland	H04	-1.271817715	-1.027714337	-1.069819936	-2.1660288	-1.361107807	-0.940691326	1.583861192	2.843477697	-1.156520714
D02-H04	Headland	H04	-0.629298847	-0.40481562	-1.069819936	-1.449850393	-0.032305411	-0.377415043	1.127751265	1.539906308	-0.83644775
D02-H04	Headland	H04	-0.808892849	-0.281124276	-1.069819936	-0.248283771	-0.032305411	-0.453209412	1.906694598	2.858154751	-0.930694627
D02-H04	Headland	H04	0.219703862	0.76893067	-1.069819936	-2.508808165	0.326025387	0.096146316	0.941301598	0.85135561	0.088168806
D02-H04	Headland	H04	-0.924526682	-0.78254474	-1.069819936	-1.556547839	-1.361107807	-1.322307525	0.731665408	0.570338476	-0.178220552
D02-H04	Headland	H04	-0.582419064	-1.313922172	-1.069819936	-2.722169354	-1.361107807	-0.405602045	1.675978693	2.915968269	-1.720012706
D02-H04	Headland	H04	-1.194157003	0.106286256	-1.069819936	-1.028537599	-1.361107807	-1.184923184	1.428219035	1.667488465	-0.668665038
D02-H04	Headland	H04	-0.678017514	0.065000776	-1.069819936	0.531785679	-1.361107807	0.740411736	2.082261319	3.323991099	-0.848038589
D02-H04	Headland	H04	0.119272072	1.217364038	-1.069819936	-0.835270238	-1.361107807	-0.792555343	1.323428597	1.540240685	0.147668631
D02-H04	Headland	H04	0.290033972	0.358692462	0.274088581	-1.336926406	0.541848705	-0.126296869	1.838368881	3.285273956	-1.553491246
D02-H04	Headland	H04	-0.19103585	0.249684815	-0.208477504	-0.808963038	0.326025387	-0.708780547	1.862231814	3.193334475	-1.243284695
D02-H04	Headland	H04	-1.539021928	-0.414002047	-0.208477504	-0.808963038	-1.361107807	-1.52642121	1.437083034	0.938644471	0.446836145
D02-H04	Headland	H04	0.065837304	0.515571286	0.75619129	-1.733242015	-1.361107807	-0.666279055	1.708183445	2.264481005	-0.531734781
D02-H04	Headland	H04	-1.157074643	-0.759852163	-1.069819936	-1.799854785	-0.032305411	-1.134308784	1.012968812	0.592831489	0.092179254
D02-H04	Headland	H04	-0.410813301	-1.001557119	0.274088581	-0.757250645	0.326025387	-0.576567106	1.879789569	2.897896605	-1.143432364
D02-H04	Headland	H04	-1.755597917	-0.414002047	-0.208477504	-0.808963038	-1.361107807	-0.885649248	1.01579131	0.586921666	0.35098728
D02-H04	Headland	H04	-1.816203439	-0.619253191	-1.069819936	-0.673611115	-1.361107807	-1.277953711	1.991747435	2.619424624	-0.094889629
D02-H04	Headland	H04	0.065837304	0.166406969	0.854769809	-2.622681494	0.760547762	-0.759656333	1.463436399	1.925311435	-0.246001388
D02-H04	Headland	H04	-1.121067287	-2.063990214	-1.069819936	-2.057375098	-1.361107807	-0.380740321	1.942667737	1.850421354	-0.773629371
D02-H04	Headland	H04	-1.816203439	-0.281124276	-1.069819936	-0.046716115	-0.032305411	-0.750898961	2.240505535	3.101334083	-0.609827075
D02-H04	Headland	H04	-0.955199025	0.022695799	-0.208477504	-0.808963038	0.326025387	-1.087733551	0.421228586	0.049947287	0.205802615
D02-H04	Headland	H04	-0.43101158	-0.840627065	-1.069819936	-0.943675494	-0.032305411	-0.817072488	1.431055299	2.184569023	-0.75116721
D02-H04	Headland	H04	0.219703862	0.370387146	-1.069819936	0.261010849	-1.361107807	-0.032313857	2.467081523	4.112411047	-1.545828335
D02-H04	Headland	H04	0.052111565	-0.142024065	-1.069819936	0.483119805	0.444378252	-0.204206036	1.609341915	1.836105888	-0.985291554
D02-H04	Headland	H04	-0.629298847	-0.682714687	-1.069819936	-0.359813064	0.175332328	-0.646726571	2.077172646	4.025845073	-1.647301701
D02-H04	Headland	H04	-0.986647966	-1.150630624	0.274088581	0.635295887	0.326025387	-0.693628679	1.553806929	2.408444743	-1.169677076
D02-H04	Headland	H04	-0.8653647	-0.333045356	-1.069819936	0.816386779	-1.361107807	-0.82811175	1.963437769	2.86090495	-1.066291596
D02-H04	Headland	H04	-1.947078773	-0.876445747	-1.069819936	-1.910699574	-1.361107807	-0.116382892	2.646069422	5.147707881	-0.830672171
D04-H05	Headland	H05	-1.121067287	1.59824558	-0.08947496	0.080273683	-1.361107807	-0.683619937	0.0011294	-0.406801775	-0.266694499
D04-H05	Headland	H05	-1.194157003	0.15983013	-1.069819936	0.200500284	-0.368197774	-1.334293175	-0.511811791	-0.451855387	0.584133067
D04-H05	Headland	H05	-3.311738482	-1.511826303	-0.08947496	0.080273683	-1.361107807	-1.318335548	0.24108731	-0.466728555	0.848657435
D04-H05	Headland	H05	-0.45154373	-1.237764545	-1.069819936	-0.374149678	1.074092192	-0.096497606	0.104539421	-0.468784514	0.861998604
D04-H05	Headland	H05	-0.808892849	0.192464727	-0.08947496	0.080273683	-1.361107807	-0.750026302	-0.01245593	-0.384907736	0.275710773
D04-H05	Headland	H05	-0.277936086	0.568291276	-1.069819936	0.080273683	-1.361107807	-0.420601929	-0.462645442	-0.569537429	0.392256095
D04-H05	Headland	H05	0.323760029	1.068936683	-1.069819936	0.616825362	-1.361107807	-0.639063649	-0.422890145	-0.587191855	0.505375909
D04-H05	Headland	H05	0.450191113	-0.650690119	-1.069819936	-1.077098808	-1.361107807	-2.142097026	0.73902473	0.107725955	0.802159014
D04-H05	Headland	H05	0.065837304	0.547397548	-0.08947496	0.080273683	0.326025387	-0.861774712	-0.246595632	-0.525345269	0.71436805
D04-H05	Headland	H05	-1.232380536	-0.888553673	-1.069819936	-0.553688644	-1.361107807	-2.096961038	0.508432683	-0.17144974	0.537509406
D04-H05	Headland	H05	-0.836807884	-0.247364277	-1.069819936	-0.916082371	-1.361107807	-1.234993873	-0.307545432	-0.555486774	0.736214339
D04-H05	Headland	H05	-1.121067287	0.13994676	-1.069819936	1.594862894	-1.361107807	-1.206679949	-0.018066629	-0.355343726	0.386911191
D04-H05	Headland	H05	-1.121067287	0.814498901	-0.08947496	0.080273683	-0.368197774	-1.149998466	0.335897523	-0.257394177	0.97193994
D04-H05	Headland	H05	-0.955199025	1.076671524	-0.08947496	0.080273683	-1.361107807	-1.749131472	0.023471291	-0.256356163	0.69864738
D04-H05	Headland	H05	-1.086074359	0.818989768	-1.069819936	0.032734893	-1.361107807	-0.822580976	-0.472098615	-0.318167786	0.314546472
D04-H05	Headland	H05	-0.45154373	1.651482938	0.274088581	-0.641003918	-1.361107807	-1.36609367	0.223801369	-0.075507042	0.151586029
D04-H05	Headland	H05	-0.063522268	0.133267358	-1.069819936	1.230191714	-1.361107807	-1.536464362	0.388443206	0.316778049	-0.583527859
D04-H05	Headland	H05	-0.333152589	0.520916889	-1.069819936	0.99973436	-1.361107807	-0.876527737	0.070614504	-0.02401425	0.294278255
D04-H05	Headland	H05	-0.808892849	0.230822997	-1.069819936	0.653616549	-1.361107807	-1.754577779	0.484718546	-0.140491912	0.360016148
D04-H05	Headland	H05	-1.232380536	0.192464727	1.13378504	1.353949213	-1.361107807	-1.398651577	-0.237495933	-0.344012096	0.043629664
D04-H05	Headland	H05	0.55576686	0.230822997	-0.08947496	0.080273683	0.326025387	-0.578104813	-0.138639681	-0.232057236	0.417050903
D04-H05	Headland	H05	-0.43101158	0.906420191	-1.069819936	-0.70669609	-1.361107807	-1.204853601	-0.363453941	-0.334818997	0.532462723
D04-H05	Headland	H05	-1.086074359	-0.173752092	0.274088581	-1.655816974	-0.032305411	-1.864376878	0.220359037	-0.265183872	0.45031738
D04-H05	Headland	H05	-1.312548144	0.773542421	-0.08947496	0.080273683	-1.361107807	-1.789584276	0.496610922	-0.106763862	0.602217227
D04-H05	Headland	H05	-0.43101158	0.15983013	0.75619129	-0.852980205	-1.361107807	-1.564667519	0.113476065	-0.274748351	1.131050591
D04-H05	Headland	H05	0.863845114	0.94851726	-1.069819936	-1.04783694	-1.361107807	-1.358584418	0.563278917	0.400405812	-0.601908592
D04-H05	Headland	H05	0.527851824	0.74099639	-1.069819936	-0.261927372	-1.361107807	-0.6987807	-1.112062895	-0.649232056	-0.394187862
D04-H05	Headland	H05	-0.894593503	0.311098721	-0.08947496	0.080273683	-1.361107807	-1.287614679	0.10268906	-0.002935583	0.122056825
D04-H05	Headland	H05	-0.678017514	0.76893067	-0.08947496	0.080273683	-1.361107807	-1.678514291	0.368531567	-0.11582516	-0.014213471
D04-H05	Headland	H05	-0.894593503	0.126561813	-1.069819936	-0.757250645	-1.361107807	-0.863669404	0.290375574	0.190669593	0.892857383
D05-H06	Headland	H06	-0.17436222	0.854499111	-1.069819936	-0.352678748	-1.361107807	-0.343303339	0.666296624	-0.010906119	1.089498784
D05-H06	Headland	H06	-0.754877087	1.386462175	-1.069819936	-0.943675494	-1.361107807	0.172873053	0.123412198	-0.295684617	0.589077929
D05-H06	Headland	H06	-0.582419064	-0.165764831	-1.069819936	0.569977019	-0.513034009	-0.757023225	0.616637808	0.179170916	0.809716748
D05-H06	Headland	H06	-0.703112647	0.192464727	-1.069819936	0.132585115	-1.361107807	-0.233185724	0.46339751	-0.366171589	0.869380107
D05-H06	Headland	H06	-0.19103585	-0.51844385	-1.069819936	-0.740273053	-1.361107807	-0.080100143	0.835560146	-0.074832431	0.751704245
D05-H06	Headland	H06	-0.955199025	-0.988626759	-1.069819936	-0.600896129	-1.361107807	-0.549933509	0.609027637	-0.178440929	1.57500858
D05-H06	Headland	H06	-0.582419064	-0.40481562	-1.069819936	1.190982993	-1.361107807	-0.025108156	-0.181071758	-0.540233166	0.552589394
D05-H06	Headland	H06	-1.052040263	-2.163337725	-1.069819936	-0.395826733	-1.361107807	-0.284340816	0.210236231	-0.439052469	0.967689433
D05-H06	Headland	H06	-0.410813301	-0.840627065	-1.069819936	-0.181275615	-0.032305411	-0.813412454	1.027830541	-0.064204212	1.692723406
D05-H06	Headland	H06	-0.808892849	-1.136529601	-1.069819936	-0.289464411	-1.361107807	-1.138938833	-0.282790195	-0.54559445	0.71436805
D05-H06	Headland	H06	-0.653419348	-0.73745623	-1.069819936	-0.47713863	-1.361107807	-0.584272994	0.467510663	-0.303643519	1.346313634
D05-H06	Headland	H06	-0.653419348	-0.619253191	-1.069819936	-0.317341421	-1.361107807	0.092853988	0.158714929	-0.315322407	0.654103141
D05-H06	Headland	H06	0.19534687	0.262144976	-1.069819936	0.032734893	0.175332328	-0.730107363	0.541249447	-0.140143911	1.007086109
D05-H06	Headland	H06	0.106127327	0.352815048	-1.069819936	0.845903659	-1.361107807	-1.226314342	-0.208696586	-0.548742417	0.522339088
D05-H06	Headland	H06	0.46016841	0.317120746	-1.069819936	0.423301495	-1.361107807	-0.349797513	-0.016190792	-0.532258867	0.872326702
D05-H06	Headland	H06	0.323760029	0.058022093	-1.069819936	-1.593264244	-1.361107807	0.232403166	-0.377945558	-0.679305692	0.592369155
D05-H06	Headland	H06	-0.390938208	-0.095507239	-1.069819936	0.14975637	0.541848705	-0.652400547	-0.312668687	-0.600749934	0.288722291
D05-H06	Headland	H06	0.669968564	1.195903242	-1.069819936	1.436067686	-1.361107807	-0.685282979	0.515760934	-0.310177109	1.316835985
D05-H06	Headland	H06	0.024196529	0.280666935	-1.069819936	0.964236542	-1.361107807	-0.501443309	-0.380256139	-0.650479124	0.66850655
D05-H06	Headland	H06	0.440133027	0.133267358	-1.069819936	0.616825362	-1.361107807	-0.430924313	0.059427631	-0.468957299	0.773232188
D05-H06	Headland	H06	1.018896181	0.952670631	-1.069819936	0.488033864	-1.361107807	0.298391503	-0.766501011	-0.660315051	0.209631184
D05-H06	Headland	H06	0.919997807	1.581084189	0.636492963	0.200500284	0.326025387	0.7241884	0.481323486	-0.223849975	1.213450497
D05-H06	Headland	H06	0.323760029	-0.189839201	0.854769809	0.319942072	0.175332328	0.379024494	0.604365585	0.044966481	1.145632424
D05-H06	Headland	H06	-1.271817715	-1.252727649	-1.069819936	-0.338477386	-1.361107807	-0.118030237	0.677330479	-0.100017681	1.026556995
D05-H06	Headland	H06	-0.018888719	0.750358515	-1.069819936	0.862598812	-1.361107807	-0.82166135	0.060689329	-0.380424682	0.939168938
D05-H06	Headland	H06	-0.225069946	-0.142024065	-0.06562228	-0.303359895	0.175332328	0.069103891	0.077590784	-0.356748541	0.815746727
D05-H06	Headland	H06	-0.225069946	-1.620068473	-1.069819936	-0.774356857	-1.361107807	-0.523069782	0.522802149	-0.098900727	0.924787345
D05-H06	Headland	H06	-0.242443191	-0.239027207	-1.069819936	0.304021847	-1.361107807	-0.424034071	-0.522817019	-0.532485328	-0.16044789
D05-H06	Headland	H06	-1.232380536	0.113071471	-1.069819936	-0.214531138	-1.361107807	-0.891441719	0.060958805	-0.505730581	1.331617697
D05-H06	Headland	H06	0.409460684	-0.057685294	-1.069819936	0.77353902	-1.361107807	-0.6426881	0.562123402	-0.356698914	0.748613836
D32-H12	Headland	H12	-0.17436222	-0.40481562	0.636492963	-0.800261643	0.326025387	-1.407090007	0.768472005	0.0752852	1.903128143
D32-H12	Headland	H12	-1.816203439	-2.088292246	0.636492963	-0.078034358	-1.361107807	-1.313057468	1.709294789	0.180725424	2.524093941
D32-H12	Headland	H12	-0.8653647	-0.239027207	0.636492963	-0.791593651	0.696781674	-1.66396682	1.984106233	0.561791085	2.183062895
D32-H12	Headland	H12	-1.194157003	0.11982992	-1.069819936	0.183712034	-1.361107807	-1.815013581	2.430364294	1.021910998	2.142370692
D32-H12	Headland	H12	-0.808892849	-0.38658923	0.636492963	-0.207840735	-1.361107807	-1.746416434	1.152966592	0.14307337	1.991729774
D32-H12	Headland	H12	-2.677207852	-0.975793257	0.081420659	-0.608860896	-1.361107807	-1.861423284	2.223381471	0.708785825	2.646855921
D32-H12	Headland	H12	-1.354659526	-0.206078797	-1.069819936	-0.999894393	-1.361107807	-0.96191722	1.305515048	0.035174177	2.163682959
D32-H12	Headland	H12	-2.093384949	-1.094909793	-1.069819936	-0.569315067	-1.361107807	-2.203851939	0.82607542	-0.107520584	1.660569872
D32-H12	Headland	H12	-2.259253212	-0.341853933	-1.069819936	0.161131755	-1.361107807	-1.491464898	1.678167207	0.957376806	1.843628319
D32-H12	Headland	H12	-1.879918266	-0.3685547	-1.069819936	-0.352678748	-1.361107807	-1.712484709	2.219594469	0.768398861	2.200553244
D32-H12	Headland	H12	-1.398248798	-0.888553673	-1.069819936	-1.239908704	-1.361107807	-1.181330485	2.237492563	1.079062287	2.093752062
D32-H12	Headland	H12	-1.642595794	-0.937859652	1.31921342	-0.522756528	0.326025387	-1.230027394	1.408847587	0.374301363	1.520881653
D32-H12	Headland	H12	-1.879918266	-1.014585809	0.081420659	-0.608860896	-1.361107807	-1.698445855	2.478525108	0.869076413	3.113954947
D32-H12	Headland	H12	-1.232380536	0.230822997	0.081420659	-0.608860896	-1.361107807	-1.891250385	1.943208319	0.400218532	2.930006125
D32-H12	Headland	H12	-1.697812298	-0.013374259	-1.069819936	-1.484858988	-1.361107807	-1.732026602	2.568562431	0.982049994	2.949532765
D32-H12	Headland	H12	-1.755597917	-0.608901108	-1.069819936	0.448418652	-1.361107807	-1.903365866	1.469895266	0.223703934	2.447791188
D32-H12	Headland	H12	-1.354659526	-0.963055173	0.636492963	-1.449850393	0.326025387	-1.429850509	1.947663979	0.731450353	2.142370692
D32-H12	Headland	H12	-1.589729654	-2.063990214	-1.069819936	-1.910699574	-1.361107807	-1.400054368	2.305372841	0.81314889	2.972767724
D32-H12	Headland	H12	-1.589729654	-2.324074069	-1.069819936	-0.906959089	0.326025387	-1.851623811	1.338623614	0.033610899	2.066332891
D32-H12	Headland	H12	-1.539021928	-0.913029297	-1.069819936	-0.003587753	-1.361107807	-1.623708072	1.118606792	-0.12060452	1.989836249
D32-H12	Headland	H12	-2.450734068	-1.657724154	-1.069819936	-2.642231479	-1.361107807	-1.686279027	2.747992442	1.089973722	3.18820175
D32-H12	Headland	H12	-1.232380536	-1.796445576	-1.069819936	-1.381420637	-1.361107807	-1.262636787	1.078172943	0.132252452	1.845634331
D32-H12	Headland	H12	-1.816203439	-0.558058668	0.081420659	-0.608860896	-1.361107807	-1.602386375	1.450880476	0.120598438	2.276107378
D32-H12	Headland	H12	-1.879918266	-0.629668205	-1.069819936	-0.835270238	-1.361107807	-0.932691178	1.278316499	0.399248604	2.306377771
D32-H12	Headland	H12	-1.947078773	-3.227572549	-1.069819936	-1.177471294	-1.361107807	-1.391659125	1.286068932	0.476783638	2.03117028
D32-H12	Headland	H12	-2.173552558	-1.529398401	-1.069819936	-0.317341421	-1.361107807	-1.766453081	1.688538099	0.289148769	2.536336107
D32-H12	Headland	H12	-1.490303261	-0.7263671	0.081420659	-0.608860896	-1.361107807	-0.822580976	1.820454079	0.416129107	2.638072354
D32-H12	Headland	H12	-0.894593503	-0.395678187	-1.069819936	-0.538169619	-1.361107807	-2.099299823	1.650719369	0.385641663	2.176032795
D32-H12	Headland	H12	-1.697812298	-1.426571674	-1.069819936	-0.57716902	-1.361107807	-1.965608234	2.315420954	0.720102583	2.698927052
D32-H12	Headland	H12	-2.677207852	-0.805541924	-1.069819936	0.161131755	-1.361107807	-1.871293518	1.862601039	0.374927512	2.881186729
D12-H14	Headland	H14	-0.45154373	0.218132091	-1.069819936	-1.208474195	-1.361107807	0.576097045	1.916279314	3.405965119	-0.865524914
D12-H14	Headland	H14	-1.157074643	-1.027714337	-1.069819936	-1.315003815	-1.361107807	-0.697820712	-0.561205365	-0.506772416	0.467652093
D12-H14	Headland	H14	-1.642595794	-0.528262012	0.327042118	0.038732264	-1.361107807	-1.147079348	-0.029507445	-0.355638364	0.720629101
D12-H14	Headland	H14	0.735360862	0.387780844	-1.069819936	0.850089034	0.696781674	0.032686681	1.766608186	2.592677805	-1.46303189
D12-H14	Headland	H14	-0.703112647	-0.3685547	-1.069819936	0.211623504	-1.361107807	-1.024444333	0.095854451	-0.437147859	0.303511192
D12-H14	Headland	H14	-0.836807884	-0.149901157	0.327042118	0.038732264	-1.361107807	-1.033001612	0.58951693	-0.110028697	0.539189394
D12-H14	Headland	H14	-0.410813301	-0.5986112	0.327042118	0.038732264	0.326025387	-0.211246504	-0.362360549	-0.504916854	-0.301563238
D12-H14	Headland	H14	-1.018913852	-0.23073051	-1.069819936	-0.632925165	-1.361107807	-0.7104745	0.883274443	0.253712462	-0.32507865
D12-H14	Headland	H14	-0.559626374	-0.432524006	0.636492963	-1.208474195	0.541848705	0.432581277	2.495700607	6.308994728	-3.671366891
D12-H14	Headland	H14	-0.582419064	-1.267822588	0.636492963	0.038732264	0.077475431	-0.746541222	-0.457768033	-0.490751534	0.251367731
D12-H14	Headland	H14	-0.333152589	-0.042787248	-1.069819936	0.200500284	0.541848705	-0.320176489	-0.147636257	-0.460614769	-0.431221889
D12-H14	Headland	H14	-0.582419064	0.329101666	0.327042118	0.038732264	-1.361107807	-0.852340434	0.028565911	0.243370272	-0.796292556
D12-H14	Headland	H14	-0.390938208	-0.020680303	-1.069819936	1.540083705	-1.361107807	-0.338130121	1.739944776	2.308087404	-0.936703165
D12-H14	Headland	H14	-0.836807884	-0.134183024	0.327042118	0.038732264	-1.361107807	-0.924737577	-0.492968297	-0.601183787	0.055854592
D12-H14	Headland	H14	-0.986647966	-0.189839201	1.31921342	-0.366969993	-1.361107807	-0.399512854	-0.51371796	-0.205453233	0.068020794
D12-H14	Headland	H14	-0.955199025	-1.179185693	-1.069819936	-0.003587753	0.817727683	-0.351100059	0.208067929	0.521770257	-0.562683346
D12-H14	Headland	H14	-1.312548144	-1.20822477	-1.069819936	-0.715043638	-1.361107807	-0.291807496	-1.23181577	-0.703398746	-0.32035807
D12-H14	Headland	H14	-0.986647966	-0.925399492	0.327042118	0.038732264	0.696781674	-0.733550742	1.279297779	2.42282639	-1.418985688
D12-H14	Headland	H14	-0.678017514	-1.150630624	-1.069819936	-0.49983238	-1.361107807	0.456970266	1.261332631	1.525696053	-0.099207785
D12-H14	Headland	H14	-0.109819557	0.698221961	-1.069819936	0.803617607	0.326025387	0.735712045	1.439533554	3.137502371	-1.202870123
D12-H14	Headland	H14	-0.242443191	-0.197939758	-1.069819936	-1.106744868	-1.361107807	0.445012151	1.150452427	1.200462003	-0.205115595
D12-H14	Headland	H14	-0.653419348	-0.050220078	0.636492963	0.032734893	-1.361107807	0.876236202	2.492554527	5.086940326	-2.22640916
D12-H14	Headland	H14	-0.728725241	-1.150630624	-1.069819936	-0.234722114	-1.361107807	-0.030766578	-0.51336017	-0.528232975	0.310873389
D12-H14	Headland	H14	-0.45154373	-0.937859652	-1.069819936	0.014646605	0.326025387	-0.704554821	0.113180598	-0.377033267	0.88407889
D12-H14	Headland	H14	-1.589729654	-0.771160881	-1.069819936	-0.454670692	-1.361107807	-0.779122337	0.142012365	-0.077049888	-0.099207785
D12-H14	Headland	H14	-0.410813301	0.520916889	1.234133227	2.160996477	0.696781674	-1.327621514	0.119810588	-0.471448582	-0.134020596
D12-H14	Headland	H14	-0.836807884	-0.568107169	-1.069819936	0.319942072	-1.361107807	-0.751772177	0.028799893	-0.423805227	1.552596111
D12-H14	Headland	H14	-1.312548144	-0.578214953	0.327042118	0.038732264	-1.361107807	-1.221379243	0.918220436	-0.163369826	1.135035789
D12-H14	Headland	H14	-1.312548144	-1.443286583	1.278286236	-1.018949436	1.001071767	0.05319971	0.864630674	0.162646684	1.094898773
D12-H14	Headland	H14	-0.8653647	0.106286256	-1.069819936	-0.817698094	-1.361107807	-0.575798901	-0.055051557	-0.288880396	-0.50115985